102 141
97 120
113 113
102 125
104 114
106 120
92 119
101 127
98 129
92 140
106 117
95 140
104 121
98 116
104 117
94 102
115 114
107 117
102 95
94 115
114 114
103 111
99 94
102 139
96 120
99 140
97 129
100 113
108 119
108 120
102 108
97 99
97 114
103 123
96 135
112 116
95 137
102 94
99 108
102 119
101 137
92 141
102 96
114 113
98 118
111 118
91 119
102 109
102 118
106 115
101 93
91 122
104 113
98 105
114 115
102 113
93 115
96 99
102 120
93 137
93 141
92 94
115 120
100 128
99 97
100 114
99 101
100 106
96 105
100 102
96 121
100 115
100 122
98 99
100 93
111 119
99 133
96 129
100 112
95 133
111 114
112 120
93 93
95 101
94 119
100 127
95 94
113 119
98 117
104 122
101 108
101 141
90 113
104 112
99 100
112 114
102 112
95 97
104 116
114 119
98 115
95 134
93 97
90 114
95 104
99 121
92 115
94 132
102 124
90 119
105 122
104 119
98 120
100 132
96 115
102 121
102 117
106 119
102 111
100 120
91 115
90 121
96 113
100 119
101 107
112 119
97 135
99 134
104 115
92 95
92 93
105 112
102 122
92 139
91 112
102 114
102 123
98 114
100 118
106 113
102 115
96 119
94 93
98 135
108 115
108 114
112 115
102 126
95 130
111 116
90 120
101 126
95 100
103 109
92 96
106 118
106 116
113 118
99 126
99 130
111 120
108 121
99 104
99 107
100 107
103 125
98 119
100 117
106 121
113 115
102 138
99 113
100 121
113 116
90 115
102 116
100 116
100 141
114 121
93 119
99 137
96 114
92 138
97 105
102 140
104 120
112 118
111 115
101 97
102 93
94 141
109 115
109 119
106 114
108 113
102 110
99 127
113 121
104 118
114 120
